t=0: [[-4.281435, -4.081435], [5.540768, 5.740768], [-5.640834, -5.440834], [4.501245, 4.701245]]
t=11: [[-2.233363, -2.033363], [4.791667, 4.991667], [-2.497754, -2.297754], [1.174825, 1.374825]]
t=22: [[-0.419491, -0.219491], [3.948202, 4.148202], [-2.164048, -1.964048], [2.084314, 2.284314]]
