t=0: [[-1.274639, -1.074639], [-0.103918, 0.096082], [-1.629290, -1.429290]]
t=55: [[-0.507916, -0.307916], [0.849593, 1.049593], [-1.352123, -1.152123]]
