t=0: [[30.592841, 30.792841], [52.575481, 52.775481], [-15.448066, -15.248066]]
t=21: [[74.963191, 75.163191], [61.827601, 62.027601], [-13.690163, -13.490163]]
