t=0: [[-1.402761, -1.202761], [-0.577035, -0.377035], [0.317107, 0.517107], [0.958813, 1.158813], [1.543010, 1.743010]]
t=27: [[-1.191609, -0.991609], [-0.384393, -0.184393], [0.645384, 0.845384], [1.386233, 1.586233], [1.790327, 1.990327]]
t=45: [[-1.096018, -0.896018], [-0.229008, -0.029008], [0.898534, 1.098534], [1.670649, 1.870649], [1.901989, 2.101989]]
