t=0: [[7.404034, 7.604034], [-1.059219, -0.859219], [0.755289, 0.955289]]
t=22: [[4.645708, 4.845708], [1.936124, 2.136124], [1.057288, 1.257288]]
