t=0: [[185.745694, 185.945694], [39.243360, 39.443360], [3.366946, 3.566946], [-26.146628, -25.946628]]
t=27: [[221.254748, 221.454748], [30.495696, 30.695696], [3.333160, 3.533160], [-22.690956, -22.490956]]
