t=0: [[1.730946, 1.930946], [-0.769692, -0.569692], [-2.569563, -2.369563], [-5.550055, -5.350055]]
t=24: [[3.825463, 4.025463], [3.964800, 4.164800], [2.504396, 2.704396], [-5.863517, -5.663517]]
