t=0: [[22.058656, 22.258656], [20.783178, 20.983178], [20.634460, 20.834460], [2.986384, 3.186384], [0.914727, 1.114727]]
t=66: [[25.630337, 25.830337], [24.911042, 25.111042], [24.607296, 24.807296], [2.356067, 2.556067], [0.527003, 0.727003]]
