t=0: [[82.748421, 82.948421], [3.423380, 3.623380], [7.416813, 7.616813], [-8.768708, -8.568708]]
t=45: [[70.412633, 70.612633], [-7.313692, -7.113692], [7.427086, 7.627086], [3.099885, 3.299885]]
