t=0: [[0.635706, 0.835706], [0.044998, 0.244998], [1.764769, 1.964769], [-0.054018, 0.145982]]
t=8: [[0.709151, 0.909151], [0.050009, 0.250009], [1.789901, 1.989901], [0.221822, 0.421822]]
t=51: [[1.121000, 1.321000], [0.282064, 0.482064], [1.971191, 2.171191], [1.908582, 2.108582]]
